# ID 	 Time 	 X 	 Y  	 Z  	 MAG
         1 2004.578234   12.843359   13.138672    3.151953  0.00
         2 2004.657612   12.942969   12.877344    3.516406  0.00
         3 2004.671741   12.844531   13.130469    3.117969  0.00
         4 2004.693611   13.294531   12.778906    3.202344  0.00
         5 2004.694769   12.926562   13.048437    3.467188  0.00
         6 2004.694769   12.945312   13.057812    3.485937  0.00
         7 2004.696821   12.975781   13.003906    3.553906  0.00
         8 2004.718663   12.879687   12.860938    3.560938  0.00
         9 2004.749526   13.299219   12.792969    3.150781  0.00
        10 2004.773222   13.285156   12.788281    3.164844  0.00
        11 2004.788437   13.041406   13.266406    3.117969  0.00
        12 2004.792762   13.332031   12.778906    3.174219  0.00
        13 2004.793500   12.910156   13.149219    3.127344  0.00
        14 2004.803225   13.320312   12.748437    3.139063  0.00
        15 2004.831135   13.322656   12.769531    3.132031  0.00
        16 2004.844868   13.039062   12.973437    3.589063  0.00
        17 2004.845461   12.807031   13.172656    3.127344  0.00
        18 2004.846242   12.617188   13.048437    2.960937  0.00
        19 2004.850500   13.317969   12.807031    3.141406  0.00
        20 2004.857889   13.153906   13.060156    3.464844  0.00
        21 2004.863563   13.360156   12.188281    3.867969  0.00
        22 2004.870886   13.317969   12.769531    3.192969  0.00
        23 2004.883086   13.416406   12.146094    3.882031  0.00
        24 2004.888730   13.092969   13.107031    3.038281  0.00
        25 2004.889095   13.123438   13.067187    3.045313  0.00
        26 2004.893610   13.261719   12.975781    3.108594  0.00
        27 2004.893618   13.003906   13.472656    3.230469  0.00
        28 2004.896459   13.273438   12.842188    3.167187  0.00
        29 2004.910161   12.814062   13.235938    3.073437  0.00
        30 2004.918149   12.952344   13.041406    3.488281  0.00
        31 2004.922060   13.233594   12.952344    3.146094  0.00
        32 2004.922141   13.261719   12.942969    3.132031  0.00
        33 2004.922541   13.233594   12.910156    3.230469  0.00
        34 2004.923101   13.242969   12.891406    3.207031  0.00
        35 2004.930225   13.303906   12.811719    3.141406  0.00
        36 2004.943464   12.694531   13.271094    3.221094  0.00
        37 2004.947392   12.619531   12.947656    2.925781  0.00
        38 2004.955856   13.217188   12.992188    3.410937  0.00
        39 2004.956518   13.228906   12.816406    3.225781  0.00
        40 2004.956863   12.699219   13.191406    3.066406  0.00
        41 2004.968798   13.238281   12.830469    3.239844  0.00
        42 2004.970128   13.205469   12.844531    3.282031  0.00
        43 2004.977861   13.238281   12.863281    3.221094  0.00
        44 2004.980006   13.228906   12.914844    3.239844  0.00
        45 2004.981966   13.252344   12.863281    3.207031  0.00
        46 2004.985640   13.233594   12.853906    3.192969  0.00
        47 2004.989619   13.189062   12.982812    3.064062  0.00
        48 2004.996537   12.642969   13.196094    3.188281  0.00
        49 2005.004845   13.245313   12.842188    3.214063  0.00
        50 2005.018539   12.830469   13.200781    3.085156  0.00
        51 2005.026788   12.853906   13.036719    2.953906  0.00
        52 2005.027329   12.858594   13.036719    2.953906  0.00
        53 2005.030920   13.186719   13.003906    3.075781  0.00
        54 2005.031490   13.158594   13.022656    3.075781  0.00
        55 2005.032006   13.172656   13.013281    3.061719  0.00
        56 2005.032099   13.182031   13.017969    3.089844  0.00
        57 2005.037614   12.685156   13.092969    2.977344  0.00
        58 2005.060109   12.972266   13.192578    3.170703  0.00
        59 2005.064598   13.214844   12.778906    3.169531  0.00
        60 2005.068792   13.355469   12.736719    3.525781  0.00
        61 2005.068849   13.013281   13.107031    2.925781  0.00
        62 2005.068969   12.985156   13.130469    2.939844  0.00
        63 2005.072402   13.151563   12.635938    3.692187  0.00
        64 2005.079718   13.200781   12.788281    3.169531  0.00
        65 2005.081191   13.200781   12.877344    3.263281  0.00
        66 2005.082321   13.242969   12.858594    3.286719  0.00
        67 2005.082322   13.224219   12.858594    3.258594  0.00
        68 2005.088618   12.919531   13.182031    3.136719  0.00
        69 2005.094091   12.694531   13.289844    3.230469  0.00
        70 2005.095154   13.158594   12.422656    4.341406  0.00
        71 2005.099873   13.041406   13.060156    2.935156  0.00
        72 2005.100259   13.046094   13.078906    2.949219  0.00
        73 2005.105757   12.961719   13.144531    3.188281  0.00
        74 2005.109962   13.046094   13.074219    3.544531  0.00
        75 2005.110104   12.935938   13.114062    3.448438  0.00
        76 2005.111668   12.938281   13.130469    3.474219  0.00
        77 2005.114500   13.055469   13.074219    2.921094  0.00
        78 2005.131773   13.196094   12.797656    3.085156  0.00
        79 2005.133808   13.017969   13.116406    2.921094  0.00
        80 2005.139615   13.247656   12.239844    4.200781  0.00
        81 2005.144703   13.149219   13.055469    3.057031  0.00
        82 2005.145532   13.158594   13.046094    3.057031  0.00
        83 2005.148475   13.029687   13.039062    2.970312  0.00
        84 2005.149379   13.050781   13.036719    2.982031  0.00
        85 2005.158506   12.947656   13.130469    2.963281  0.00
        86 2005.158576   12.882031   13.210156    3.052344  0.00
        87 2005.159471   13.585156   12.614844    3.403906  0.00
        88 2005.159607   13.257031   12.863281    3.230469  0.00
        89 2005.162181   13.104688   13.104688    3.429688  0.00
        90 2005.165752   12.957031   13.200781    3.174219  0.00
        91 2005.165852   12.924219   13.214844    3.141406  0.00
        92 2005.167923   12.935938   13.245313    3.120312  0.00
        93 2005.179353   12.750781   13.233594    3.061719  0.00
        94 2005.180812   12.746094   13.702344    3.647656  0.00
        95 2005.189561   12.952344   13.238281    3.122656  0.00
        96 2005.192420   13.017969   13.116406    2.921094  0.00
        97 2005.193004   13.013281   13.116406    2.925781  0.00
        98 2005.194061   13.200781   12.788281    3.108594  0.00
        99 2005.197692   13.205469   12.783594    3.099219  0.00
       100 2005.197877   13.160938   13.057812    3.120312  0.00
       101 2005.199226   13.048437   13.142188    2.923437  0.00
       102 2005.199226   13.013281   13.121094    2.921094  0.00
       103 2005.202504   13.341406   12.825781    3.253906  0.00
       104 2005.204228   13.341406   12.835156    3.258594  0.00
       105 2005.204231   13.346094   12.835156    3.249219  0.00
       106 2005.205265   13.346094   12.835156    3.300781  0.00
       107 2005.205946   13.050781   13.036719    2.967969  0.00
       108 2005.206268   13.235938   12.785938    3.542188  0.00
       109 2005.210834   13.266406   12.821094    3.202344  0.00
       110 2005.215128   13.139844   13.064844    3.108594  0.00
       111 2005.221908   13.266406   12.774219    3.211719  0.00
       112 2005.222181   13.245313   12.785938    3.204687  0.00
       113 2005.222292   13.055469   13.055469    3.005469  0.00
       114 2005.222373   13.242969   12.783594    3.192969  0.00
       115 2005.224260   13.060156   13.041406    2.996094  0.00
       116 2005.224365   13.050781   13.041406    2.996094  0.00
       117 2005.224365   13.088281   13.022656    2.991406  0.00
       118 2005.258581   13.200781   12.807031    3.099219  0.00
       119 2005.258614   13.196094   12.802344    3.089844  0.00
       120 2005.258620   13.200781   12.811719    3.099219  0.00
       121 2005.258889   13.205469   12.797656    3.094531  0.00
       122 2005.258956   12.966406   13.130469    2.953906  0.00
       123 2005.259479   13.200781   12.839844    3.047656  0.00
       124 2005.259480   13.186719   12.816406    3.117969  0.00
       125 2005.259660   12.957031   13.210156    2.967969  0.00
       126 2005.259786   12.966406   13.149219    2.958594  0.00
       127 2005.262410   13.196094   12.816406    3.099219  0.00
       128 2005.262412   13.200781   12.807031    3.094531  0.00
       129 2005.262712   13.135156   12.863281    3.469531  0.00
       130 2005.263534   13.095312   12.907812    3.485937  0.00
       131 2005.263682   12.832812   13.264062    3.110937  0.00
       132 2005.319429   13.430469   12.732031    3.525781  0.00
       133 2005.324516   13.092969   12.891406    3.511719  0.00
       134 2005.325485   13.210156   13.486719    2.878906  0.00
       135 2005.350587   12.680469   13.252344    3.244531  0.00
